1.105983082546916e+37 5.335767727503506e+37
1e+38
-1.5483031292700944e+36 -4.323273142727203e+36
1e+38
-6.055995541265356e+36 -7.187882640919188e+37
1e+38
-4.341847035191513e+37 -7.457764928129191e+36
1e+38
4.713895243917836e+37 -3.4643998628493542e+37
1e+38
-4.27859733354059e+37 8.754713744763632e+37
1e+38
9.979478446161502e+37 4.350132139314151e+37
1e+38
-3.2737100928610863e+37 3.580217243840182e+37
1e+38
2.286220496978488e+36 4.0203846136495416e+37
1e+38
-5.820828346320712e+36 8.797204684288705e+37
1e+38
6.5056955655269445e+35 1.6513641448724558e+37
1e+38
-8.913207520378727e+37 -9.007796927751461e+37
1e+38
-9.994804697614642e+37 -9.72588025599824e+37
1e+38
2.686042458491203e+37 -9.65415466786571e+37
1e+38
9.400908462811167e+37 3.314776851437422e+37
1e+38
-3.6632880894572945e+37 -2.538182605238681e+37
1e+38
-7.781188360760917e+37 -3.4428201799542865e+37
1e+38
7.084702512056482e+37 1.447909549365895e+36
1e+38
-4.499262960479337e+37 -9.29406694873905e+37
1e+38
-2.2652745818637073e+37 -3.892148498790444e+37
1e+38
-1.27322202896464e+37 7.202539800286379e+37
1e+38
8.0326834770703495e+37 3.744522784188644e+37
1e+38
-8.169479081757132e+37 1.622670573358526e+37
1e+38
-1.6127240805090068e+37 -7.127824145709478e+37
1e+38
7.413836963924608e+37 -1.0651523354217958e+37
1e+38
6.481174047043952e+37 -3.5647727535937743e+37
1e+38
-2.821330814995768e+37 -2.3037545343408476e+37
1e+38
2.7552418257411716e+37 9.435478335512745e+37
1e+38
-2.4255308974465035e+35 -6.843327998290363e+37
1e+38
7.612487242967128e+37 -1.9445987788456921e+37
1e+38
-8.162131889354398e+37 -7.471110307873245e+37
1e+38
9.474249618446919e+37 3.301285943308285e+37
1e+38
-5.416413332621683e+37 2.3328562415848094e+37
1e+38
-7.149260081742967e+37 5.455364640001002e+37
1e+38
3.6875458346955997e+37 5.432004067768181e+37
1e+38
-6.009644866098185e+37 -3.5285545152452638e+37
1e+38
-9.050850685002898e+37 9.964415188057236e+37
1e+38
-1.442851930137497e+36 2.824639187224661e+37
1e+38
1.8595371564297055e+37 -3.490858851284531e+37
1e+38
6.501926873967639e+37 7.429133523582465e+37
1e+38
8.645301275823126e+37 -8.591863699404984e+35
1e+38
-7.235997213514578e+37 8.560930010664918e+37
1e+38
-2.45718012168008e+37 3.282396029072658e+37
1e+38
-4.93663316726479e+37 9.636486272738895e+37
1e+38
1.734239528299153e+37 -1.935555202543231e+37
1e+38
-5.177090117014098e+37 9.538744901508133e+37
1e+38
-5.364965284867666e+37 -6.523733246099517e+37
1e+38
-4.312627420914072e+37 8.924523170904372e+37
1e+38
-8.465458428706021e+37 1.1224057185272618e+37
1e+38
8.303641935007854e+37 8.838063383583831e+37
1e+38
