-8.829512155230266e+37 -8.754432197896067e+37
-5.856691064162473e+37
2.6087657847343135e+37 -1.7090167926680676e+37
2.792009230517814e+37
-8.082498292842612e+37 9.473020889272596e+37
-5.547581888714021e+37
-7.161566855577128e+37 6.16118939757652e+37
-2.5976269330541044e+37
4.257087072721866e+37 2.48508688811455e+37
9.390308200474267e+37
-8.276922770323378e+37 7.4477202265881625e+37
2.1240021037489414e+37
-1.8643319623373533e+37 1.9949319596991045e+37
8.710266261047679e+37
-8.49815186373101e+37 -4.680557044494495e+37
-7.288028152902619e+37
-4.923043889555645e+36 7.967405956762756e+37
-3.252435943387697e+37
-9.28111523551803e+37 -9.143422511517656e+37
3.8564371009004347e+37
-9.020909102087707e+37 7.049469901293311e+37
8.290317860276888e+37
5.6573302424057965e+37 -3.999977769728717e+37
-6.835064918826445e+37
-3.4771724690997006e+37 -6.253177006912145e+37
-8.484166035841037e+37
-2.3384906841348303e+37 5.100234719377395e+37
2.4810921046922457e+36
-3.743055917106388e+37 -5.575265279887896e+36
8.873985874852028e+36
6.946384979943905e+37 8.976530774487435e+37
2.424764459326656e+37
1.3359777507888297e+37 -3.1299248710292057e+37
2.311221404111116e+37
-3.952597560423341e+37 6.223487990218884e+37
-6.039585487000678e+37
-2.989232975210867e+37 3.33363605488422e+37
-2.2586086226983063e+37
-2.047078457128773e+37 -7.921634324747127e+37
-5.763051934356851e+37
-6.350551207527335e+37 -9.471184977195046e+37
-6.565577666879227e+37
-7.813882909636533e+35 -1.6269978935872428e+37
2.9909080721863952e+35
-5.090928632256096e+37 5.511297957159793e+36
1.2666337125506768e+37
6.281523442356961e+37 -9.009360295775528e+37
4.2245597345631093e+37
5.2302283454916395e+37 -7.443961862554413e+37
2.7329646837249873e+37
-2.8657189212697705e+37 1.2318103853104715e+37
-4.2002482049659524e+37
-5.560651615545893e+37 1.1725143039667273e+37
9.630476611893483e+37
-7.840433997420539e+37 9.064582506122903e+37
3.6087358963768266e+37
-5.641265426171744e+37 -2.128399188011915e+36
4.749746218253467e+37
3.8644067913743205e+37 -9.616496302999e+37
9.737293415575601e+37
3.721133478076839e+37 4.453062468447664e+37
-8.188059340843669e+37
-5.417411247867398e+37 -1.551594149978539e+37
-1.7393391108579977e+37
-4.9579904447819215e+37 -1.5775383651362863e+37
3.5054946849822175e+37
-5.768146955580067e+37 -6.114649605087892e+37
-8.460089710283163e+37
-5.256986018219838e+37 -7.223692547306766e+37
6.541222698761069e+37
-8.239473627739169e+37 8.135220773495311e+37
-3.052267363974537e+37
3.0873885540708527e+37 -1.509067753229489e+37
3.930322008580768e+37
-6.890962064857987e+35 8.284497108484428e+37
-6.967898800347687e+37
2.769961627090633e+37 -6.134457867597367e+37
-9.483324056887672e+37
3.3756035335861046e+37 -3.431216401698183e+37
-9.815061786970116e+37
-2.9960958870727136e+37 5.791896439545521e+37
-1.0871688724610668e+37
7.37144744770546e+37 5.452014188764902e+37
9.560130252205984e+37
-3.6960891138279495e+37 -9.37016453317212e+36
-8.631667135862758e+37
-9.140262097437178e+37 8.133972545082243e+37
7.472494235897192e+37
-9.19007571956607e+37 -1.0770755773855849e+37
9.887578050189922e+37
8.450543512230621e+37 5.813698704703745e+37
-2.605771714988192e+37
-4.842039412033186e+37 -1.3504050013266928e+37
-2.651939100322718e+37
-9.462963372117133e+37 1.707685887874822e+37
6.012713145755306e+36
-2.255681055056891e+36 1.6405446678497328e+37
9.199206286800558e+37
-8.61557699874904e+37 -4.583395416409561e+37
-5.003265702993396e+37
1.7329938272212496e+37 -6.356629774670841e+37
8.717439080290535e+37
2.7930900410335036e+37 -9.118335086354237e+37
-9.708251829541324e+37
4.581834065239591e+37 7.710230905949204e+37
-3.208469105115674e+37
3.203163440400214e+37 7.308997220318069e+37
3.576631450487216e+37
-8.862803416198873e+37 -2.0490191234602894e+36
-8.693799926474086e+37
3.4260250417047986e+37 -2.19278426377179e+37
-7.303862671450536e+37
4.385925138338968e+37 7.127295772043461e+37
6.275039924139052e+37
8.929338982781975e+37 -6.800303126741307e+37
3.0144542811440604e+37
-9.31239970106562e+37 -1.8070015899530525e+37
-2.9112708982563442e+37
-8.353047612473179e+37 -4.7244065022892955e+37
9.535834649459882e+37
1.386966586792063e+37 -5.446925033364531e+37
4.7342935325804317e+36
1.529477462385722e+37 6.355013124790186e+37
6.960239915361799e+37
2.95389338211745e+37 6.085139448393096e+37
8.870085758692457e+37
5.299522860104221e+37 4.206682381284353e+37
-6.299810629086049e+37
-2.8529551305060115e+36 3.443392581727237e+36
1.0018642637944084e+37
-4.382969792729654e+37 -7.758488260874587e+37
6.437112045635688e+37
4.759062634999957e+37 8.22546475688867e+37
-6.715579596936019e+37
-3.1856495888513185e+37 3.638177057343956e+37
-5.00954777067145e+37
3.3995528182063234e+37 -9.951053589783558e+37
-6.658392864063432e+37
-1.3511521678124116e+36 -4.0796139017107026e+36
4.1038885373945075e+37
-6.093859859415276e+37 2.3934444230686926e+37
-4.332278896678932e+37
-8.125478426237253e+37 8.122814549297708e+37
-8.808203852247638e+37
9.826774516471298e+37 2.1871757377413076e+37
6.083547771434456e+37
2.8686716896343006e+37 8.235577171517993e+36
-5.83040663575193e+37
5.038096851201656e+37 1.9808194602058483e+37
4.054767724728217e+37
-1.1074597904437942e+37 7.82645205277302e+35
-4.717238875905503e+37
-2.446341559095413e+37 -4.726313817556342e+36
3.841058536340783e+37
-6.68608340813102e+37 9.499024154463515e+37
-8.809330044342176e+37
4.1253801578980167e+37 -6.669800143371702e+37
9.274825015236873e+36
7.588029159635701e+37 2.2496305797346e+37
4.0063055235735475e+37
-5.809980229551969e+37 -8.837769368626428e+37
-8.5329004109447e+37
2.6246284922382696e+37 7.30840533237842e+37
1.688627138991414e+37
4.472176476250789e+37 3.635417285406642e+36
9.705011611273494e+37
-5.762634084172921e+37 9.086401918940453e+37
-4.280933778571194e+37
-6.123534867347625e+37 -6.67499131736911e+37
-8.272295518368346e+36
4.855459450348997e+37 -5.599009946590982e+37
-7.029276207162944e+37
-6.7771635854849025e+37 -1.6964099561721912e+37
1.4071859218274098e+37
-6.547083337528723e+37 1.994535269124653e+37
5.796149184532471e+37
5.174999924344046e+37 5.080337758533135e+37
-7.183218672252394e+37
-6.622941864996139e+37 -4.398530588580505e+37
-9.617860937589937e+37
-5.6168131102512e+37 4.702685828787833e+37
5.700636109763761e+36
-1.788080905437766e+37 9.84482717807807e+36
-3.233461421779062e+37
-1.5892532540087232e+36 1.1215009826787485e+37
3.2384731684083604e+37
2.4362065331297597e+37 -3.038895881870347e+37
-1.4802442766310092e+37
5.225408256067292e+36 9.100557286574689e+37
-1.0636447467120284e+37
7.909105396559966e+37 3.062913696697799e+37
4.590847841378925e+37
4.928046509376928e+37 -4.836303837373983e+37
8.63552930299591e+37
2.3190363568169495e+37 -2.3239895451570016e+37
-2.8908291709268697e+37
-6.818116283191862e+37 7.009874535806263e+37
-2.542674221322028e+37
5.020984757251653e+37 4.544179713226331e+37
3.419800620562114e+37
