-9.395795541657563e+37 -4.342450398807454e+37
1.089220185344893e+37 8.081009477381954e+37
-6.077407778425448e+37 9.12555049718325e+37
4.769834408095596e+37 8.105845559305048e+37
-3.195763776179643e+37 -6.236890437004856e+36
-9.018553829841564e+37 9.10064778062543e+37
3.2302915680233796e+37 2.8174931518965967e+37
4.913958630348959e+37 6.378609964684256e+37
-2.944022118658836e+37 7.6290082384959675e+37
-2.0964690578924402e+37 9.592974157756148e+37
9.542875532591812e+37 6.017275867626996e+36
-4.535557769171248e+37 1.147654630466523e+37
-9.178364235510392e+37 -6.776796107443479e+37
-4.563863597448103e+37 1.963221202034381e+36
8.631125531499556e+37 -7.410093293746096e+37
5.532844374558086e+37 -3.7309944390843333e+36
2.6789694217788177e+37 9.60702021518585e+37
2.1010692893800002e+36 9.253161688955528e+37
-2.863634183937127e+37 -6.886615971854697e+37
-1.0258284525137994e+37 1.0947895219237117e+37
1.576611586216769e+37 -2.9712703331566017e+37
-6.823061864319693e+37 -3.990437644589597e+37
2.8010565427096936e+37 7.603819334996739e+37
-7.250347330378881e+37 -4.205513862708463e+37
8.998379563120867e+37 7.8817603080600605e+37
9.031582567462507e+37 -5.357992226170926e+37
2.2195154479465797e+36 9.23678382239299e+37
-3.178066453732386e+37 -6.83939327623583e+36
-7.889266275957734e+37 4.656243471968232e+37
8.587258659140379e+37 3.9121126081748086e+37
5.4994694228892155e+37 -2.2897792698805653e+37
-2.6299917962600897e+37 6.191614161239126e+37
8.224279697875474e+37 -9.713442282685657e+37
-6.0897188077246625e+37 4.977535375015623e+37
-6.498736859724017e+37 6.197836759703144e+37
-6.214505804089171e+37 3.9350926208438376e+37
-3.60982819582765e+36 -5.843574573687826e+37
-3.776531008908248e+37 4.37703538860924e+37
-6.376205499772387e+37 9.077282372479495e+37
-7.285991246244699e+36 7.994610882964572e+37
1.5766112490929985e+37 8.92633853236544e+37
2.5072073155390423e+37 2.697408246649179e+37
-8.020940998727415e+37 -2.018290328086616e+37
-8.486114300195713e+37 -9.441105709866482e+37
3.9565349278388896e+37 2.5535513764642553e+37
-1.7033277433161428e+37 6.011271277542672e+37
4.248105359180794e+36 -7.885716822190297e+37
-4.7986074134960095e+37 8.488107511606893e+37
-4.853981328270391e+37 -2.656839228494083e+37
6.09600763544688e+37 6.839550491746158e+37
-4.218554859252417e+37 5.254281780998484e+37
9.10375137367774e+37 -8.778814111668907e+37
7.457400770389867e+37 -3.968379471364525e+37
8.666799461240115e+37 5.087924581303494e+37
-7.014171884619673e+37 -9.485853261007201e+37
-9.853379862597518e+37 -8.293043951326948e+37
6.921113079779749e+37 -5.546026660413411e+36
-8.251596275031929e+37 4.376416781736147e+37
7.771772060430818e+37 -8.667223429683552e+36
1.9680735844464645e+36 7.681144492919974e+36
8.20558865357895e+36 2.0240049142932756e+37
4.065513040378957e+37 -7.481506092424774e+37
9.049158444250566e+37 -1.634224679124923e+37
1.1611917418164615e+37 1.2367128884182073e+37
8.161347202324173e+37 4.787020071728738e+37
-9.76467897234065e+37 -3.6998845527047265e+37
-9.990165006656641e+37 4.6613174907071e+37
3.8174831844265155e+37 8.095726913085288e+37
2.7999667357244722e+37 6.872137036336182e+37
8.915293942119477e+37 -8.733376278034282e+37
4.406267651906109e+37 -5.52181907943379e+37
-3.5293639871908434e+37 -9.008656028457248e+37
2.1719117879566086e+37 -2.7284567782189636e+37
1.429928264099633e+37 4.926985727275416e+36
9.01566310871264e+37 -5.409092309154179e+37
-9.942797459500432e+37 2.8512326791244773e+37
9.333236199356311e+37 -4.56885733483158e+37
-8.93604278629505e+37 6.523250756388642e+37
-5.854817912165318e+37 2.1860279760967923e+37
-9.669885713854971e+37 -5.661876446958655e+37
9.275158940632564e+37 -4.514272831359602e+37
-1.6492937450483499e+37 9.681903339698413e+34
-5.570050880780068e+37 6.051721206311951e+37
-8.691307625883713e+37 1.3050266097501382e+37
9.33759190276139e+37 1.269571212241589e+36
-7.002143724436791e+37 -4.1283848471733253e+37
3.0394948991645165e+37 9.400425637080537e+37
-7.580010685959262e+37 -3.0747635843823376e+36
7.14628761414553e+37 -4.571093280513385e+37
-7.343365458774147e+37 3.669237294357027e+37
-8.94917377942301e+37 9.040701317543574e+37
-1.3424241120434928e+37 -7.182589710363854e+37
-3.78891434235143e+37 -9.23294581844437e+37
7.603714130726741e+37 -5.675602480576422e+37
1.2384743430389576e+37 -9.761392275859954e+37
-1.7460615158176386e+37 -8.002485853130827e+37
-1.3851218410610191e+37 -8.302209466003189e+36
-9.024971526095023e+37 -1.3733349592410134e+36
-6.420144385553496e+37 6.2787584122853e+37
2.0686315080565922e+37 6.490572232877942e+37
